1573351173.6490111
1573346517.6498175
1573351899.6503298
1573346841.6505563
1573354730.6520052
1573352930.652596
1573352934.652905
1573355736.6541443
1573349235.6543586
1573356065.6546247
1573355630.6552563
1573353627.6577756
1573350123.6581118
1573348213.6586068
1573354417.6773202
1573350074.6774218
1573346580.6775663
1573348054.677656
1573355506.677853
1573355577.6779537
1573354384.6781533
1573356188.678242
1573356184.6783712
1573351302.6784754
1573347944.678605
1573350180.678692
1573354614.6788228
1573351789.6789103
1573352886.6790507
1573350497.679138
1573352059.6793587
1573349244.6794977
1573352737.679649
1573350639.6797547
1573351085.6799095
1573348330.6800165
1573350729.6801634
1573346629.6802697
1573349750.6804101
1573350924.6806479
1573349073.6808512
1573347174.6809614
1573354718.6811075
1573352607.6812184
1573354773.6813598
1573356118.6814663
1573353640.6816256
1573346552.6817298
1573351119.681871
1573350163.681977
1573347202.6821556
1573350489.682261
1573353812.682401
1573347654.6825063
1573355308.6826456
1573355513.6827505
1573348538.6829164
1573350840.6835692
1573351363.683922
1573349378.6841228
1573353420.6843154
1573353545.68501
1573352708.6856265
1573350921.6857207
1573351739.6858926
1573355047.6859782
1573356189.6861045
1573351008.6861925
1573355134.6862702
1573353214.6863708
1573355975.6867785
1573352611.6877565
1573348870.693915
1573353702.6941748
1573346627.6944652
1573354656.6959102
1573352843.6979196
1573354059.699921
1573352368.700898
1573349449.700988
1573356089.7059052
1573350682.7059937
1573355755.7084322
1573355013.7120445
1573355657.7144005
1573348729.7199652
1573352472.720146
1573355962.720255
1573352568.7204015
1573353381.72051
1573350311.7207503
1573353270.7208586
1573353796.7210586
1573349584.7211735
1573351460.7213182
1573346353.721426
1573350302.721569
1573350910.7216759
1573346877.721817
1573354570.721925
1573354586.7226565
1573353333.7239854
1573354206.7259176
1573348731.7261825
1573347858.7278402
1573350501.7279673
1573346845.7288558
1573353143.7300816
1573347315.7303386
1573352435.7314818
1573348530.7330124
1573351143.7334821
1573356246.7339208
1573355693.7351062
1573356099.7352948
1573349126.7353878
1573353012.7355275
1573352136.735619
1573349242.7357495
1573349328.735839
1573353377.7369697
1573346575.7407746
1573349962.7438238
1573351960.745346
1573346587.7491393
1573354623.7492478
1573348126.7494247
1573354144.7495909
1573356168.749759
1573350895.7498488
1573346980.750511
1573353645.7510493
1573346737.7514467
1573347183.7520902
1573355874.7549276
1573352395.7550418
1573353109.7552342
1573349611.7553482
1573355274.7555368
1573353478.7556517
1573348771.7572236
1573352360.758441
1573350420.7609262
1573348550.7609656
1573349528.7629125
1573354921.7629905
1573352360.7639053
1573352451.7652702
1573347549.7654302
1573350397.7657385
1573347045.7766373
1573349567.777007
1573350206.777913
1573354241.7790644
1573351496.7809076
1573349964.7819004
1573349063.7820754
1573352349.7838929
1573354843.7839627
1573353464.785908
1573352926.7886817
1573354033.7889106
1573353347.7892933
1573353873.789555
1573351398.7900035
1573350836.7902672
1573352414.7904537
1573349628.790544
1573348179.7906857
1573351810.7907736
1573347352.7919824
1573353759.7930722
1573355818.7940097
1573353088.7979636
1573348007.7985168
1573356119.7992547
1573347575.7994998
1573351799.799984
1573351904.8021708
1573353443.8032136
1573350348.807292
1573351019.807776
1573352993.8080127
1573353223.8081224
1573355227.8082843
1573349971.8083932
1573347802.8087506
1573353394.8088672
1573355708.8090012
1573348877.8091104
1573347484.8113189
1573356053.8114343
1573346649.811623
1573349021.8124564
1573352246.813801
1573356132.8142607
1573347258.8144493
1573354689.8201125
1573350353.8219821
1573352973.8225977
1573351638.822874
1573355626.8235338
1573353069.8253253
1573347927.825609
1573353123.8273816
1573346832.828187
1573352057.8327389
1573346942.8334496
1573351911.8379445
1573350139.838916
1573355386.8409634
1573355974.8439994
1573349472.8451152
1573354896.8452368
1573351451.8454223
1573354572.8455343
1573351187.8456933
1573355856.8458056
1573347646.8459682
1573355145.8460689
1573352320.8468907
1573350571.8470194
1573355113.8471808
1573354474.8472939
1573352250.8474455
1573353060.8475578
1573356282.847708
1573346975.8478203
1573350636.8480139
1573353141.8481228
1573354190.8486874
1573353222.8487961
1573353149.8509967
1573350014.8577852
1573351317.8651588
1573348282.8657753
1573351118.8663862
1573350775.8666286
1573354515.8672493
1573354631.8678038
1573353179.8700836
1573347926.8707275
1573346680.8710501
1573351810.8713157
1573354712.8719673
1573350376.8720996
1573347978.8761728
1573355928.8762803
1573348461.8764892
1573348895.8765998
1573355561.8787124
1573352263.8791642
1573354739.8793414
1573355393.8794343
1573354319.8795738
1573352939.8796637
1573354493.8797998
1573355601.8798957
1573351918.8800461
1573355739.880137
1573347259.8815293
1573347402.8819005
1573355403.8841293
1573348058.8842802
1573352328.8877344
1573347427.887838
1573348637.888153
1573351426.891008
1573349378.8912146
1573352117.89131
1573351339.8915322
1573346974.8916256
1573352665.8917677
1573356015.8918667
1573354000.8919992
1573347415.8923235
1573353523.892467
1573354413.8925576
1573349848.8926892
1573350595.8927786
1573356117.8929782
1573348066.8930674
1573355654.893201
1573350883.893291
1573348600.8934214
1573356211.8935103
1573356094.8936613
1573351631.8937516
1573347382.8941119
1573347879.8942044
1573352950.8943985
1573353926.8946223
1573356034.8947625
1573351744.894855
1573355239.8972619
1573352344.8974135
1573353274.8975825
1573349297.8976727
1573353098.897811
1573347650.8979013
1573354308.8981445
1573349765.898546
1573346844.8990138
1573350306.8997657
1573352753.9001195
1573353860.9002292
1573348789.9003885
1573350424.9004974
1573350385.9006453
1573355333.900754
1573353419.9009972
1573348610.9011064
1573353187.9012554
1573354268.9013638
1573355575.9015093
1573350593.901618
1573348012.901764
1573353891.9069269
1573347922.9119802
1573348530.91222
1573348980.9131439
1573350344.9153774
1573347556.9155633
1573347299.9156547
1573354512.9157968
1573351704.9158947
1573354357.9160457
1573355415.9161363
1573349365.9162734
1573352410.916365
1573352452.9165971
1573355805.9166875
1573353599.917322
1573346738.9174185
1573354429.9175742
1573355818.9176664
1573351693.9178016
1573353781.9178946
1573353652.9180248
1573352061.9181173
1573354509.9183114
1573348442.918402
1573351701.9185371
1573349973.918629
1573354265.9187644
1573348338.918856
1573347706.9190042
1573354318.919096
1573351392.9192302
1573352140.9193218
1573346406.9195046
1573346660.9195967
1573350701.9197326
1573347910.9198241
1573352801.9199674
1573350175.9220436
1573349770.9222212
1573354950.9228125
1573351506.9229858
1573349318.927418
1573349163.9279056
1573352271.9280052
1573349601.9283226
1573348885.9284194
1573349117.9285586
1573351203.9286735
1573352820.9288032
1573350027.929369
1573355596.929516
1573355307.9296021
1573352657.9301822
1573354677.9302926
1573352566.9305067
1573355894.9306688
1573349682.9307997
1573353984.9344296
1573349041.9346995
1573355891.9347928
1573346615.936964
1573349476.9386153
1573350880.9389038
1573352128.938978
1573350223.9393013
1573354749.9394343
1573348549.9395814
1573349196.939673
1573347061.9398122
1573353842.940021
1573353324.940162
1573354617.9402516
1573349578.940508
1573356022.9405978
1573350406.941242
1573352746.9413302
1573348462.9420102
1573351193.9421449
1573351703.94251
1573355138.9426196
1573351595.9427595
1573348237.9428492
1573347854.94308
1573351009.9431725
1573354133.9433136
1573353151.9434042
1573351016.9435422
1573353681.9436336
1573352982.9437704
1573347178.9438663
1573354295.9439912
1573351108.9440818
1573346826.9442708
1573347743.9443617
1573348017.9445007
1573353821.9445918
1573347324.9447286
1573349102.9448366
1573353938.94503
1573350998.9451215
1573353481.9452853
1573351411.9453986
1573354870.9458568
1573349619.9471617
1573354823.9474254
1573352878.9475367
1573356116.9477923
1573353723.9479127
1573348301.9481494
1573350658.9482582
1573352883.948464
1573351973.9486063
1573349722.949448
1573350320.9496324
1573351638.9533763
1573346401.9611437
1573347126.9621434
1573355894.9625115
1573349653.9673398
1573353365.9675214
1573352467.9698367
1573347507.9699361
1573351461.9712343
1573355792.9713352
1573349087.971493
1573351066.9715843
1573355717.9729283
1573351869.9729674
1573353726.9736476
1573355865.9738097
1573356002.9740076
1573353985.9743133
1573347551.9751384
1573355742.975714
1573351362.9761872
1573354310.9765718
1573348914.9769003
1573349793.9770682
1573351873.9773536
1573349743.9775486
1573354698.979469
1573355857.9798672
1573356151.9802802
1573348713.9804642
1573347498.980614
1573353333.982773
1573355782.9879742
1573347920.9899287
1573346820.990925
1573353530.9915388
1573355418.9918876
1573346422.993903
1573347968.9949
1573349731.9969358
1573351513.9971223
1573355793.9989035
1573352560.9996066
1573352081.0007522
1573349700.0019302
1573348955.0019622
1573347012.003784
1573348758.0038927
1573356017.0041442
1573350467.0042357
1573350654.0043802
1573349003.0044684
1573353740.0046012
1573355514.00469
1573348840.0048149
1573352321.0049043
1573351642.0050445
1573351000.0051348
1573352887.0053177
1573348490.0054057
1573346490.005534
1573346709.0056226
1573348836.0076423
1573348677.0089333
1573346483.009256
1573346840.0111403
1573351945.0123787
1573348648.014998
1573354105.015776
1573350582.0160341
1573354980.0165873
1573347329.0169132
1573351709.0170767
1573349208.0171661
1573355051.0173004
1573351374.0173893
1573355982.0175173
1573352336.0176098
1573353062.0178983
1573353710.0184224
1573353545.0209904
1573354357.0216877
1573349929.0240455
1573349372.0241528
1573353126.0244398
1573346834.0245314
1573351609.0250092
1573354171.0251048
1573353262.0253274
1573352291.0254214
1573348808.0255647
1573350447.0256577
1573351060.0259967
1573348293.0260892
1573355477.0262306
1573354520.0263243
1573352482.0269055
1573354016.0270052
1573353585.0272079
1573353543.027357
1573347703.0275662
1573352939.0276787
1573350772.0331562
1573352141.0338798
1573346774.035162
1573349604.0353835
1573351356.0379667
1573355185.0380712
1573354634.0386207
1573346445.0391197
1573355701.0395067
1573355530.039596
1573355394.0401275
1573350184.0436683
1573354070.043878
1573350089.0440087
1573348484.0441403
1573355247.0449793
1573348332.0452
1573350779.04529
1573353594.0454197
1573348522.045508
1573352251.0456343
1573350598.0457225
1573349391.0458477
1573349903.0459652
1573353591.0461001
1573347633.0464692
1573349356.0466645
1573349431.046754
1573353432.0468867
1573348703.0503376
1573346831.052021
1573356031.0521553
1573355128.053224
1573355962.0534048
1573352920.0539012
1573354019.0560038
1573351320.0568302
1573351321.0569623
1573355062.0579324
1573352320.0621488
1573349375.0623386
1573350055.0624304
1573347948.0625699
1573347860.0626633
1573350927.0628
1573355665.0629632
1573349817.063171
1573353988.0632627
1573346450.0633998
1573354505.0634913
1573352022.0636284
1573355493.0637195
1573351349.0638561
1573354964.0639732
1573355338.064114
1573349074.0642726
1573348050.065099
1573353350.0651948
1573346729.0653362
1573351007.0654233
1573353689.0655541
1573351077.0656407
1573355991.0657697
1573353695.0658567
1573354308.06599
1573356192.0661783
1573347491.0670469
1573353213.0671387
1573347580.067299
1573347774.0673854
1573351617.0675154
1573354339.0676033
1573352538.0677314
1573355759.0678182
1573349541.0679655
1573347716.0680523
1573353606.0682414
1573353905.0683284
1573352831.0684586
1573355037.0730822
1573348332.0734854
1573347337.075756
1573353899.075962
1573355166.0760686
1573352868.077359
1573355397.0775526
1573353604.077896
1573354803.0779858
1573355635.0849392
1573355711.0861235
1573347750.0864708
1573354937.0898852
1573352427.0900695
1573349705.0901585
1573346737.090284
1573350321.090372
1573346451.0929368
1573351054.0930665
1573354011.0938234
1573355241.0957093
1573349311.095962
1573351476.100341
1573350686.1014752
1573351921.1017716
1573346885.1055272
1573346998.1056354
1573355178.1064675
1573355660.106799
1573349116.1072729
1573349254.1074421
1573355721.1075904
1573355195.107685
1573347455.1078255
1573346798.107916
1573353473.1080682
1573353162.1081593
1573354208.108753
1573354833.1090708
1573353001.1094527
1573346580.1095467
1573356281.1097577
1573355135.1098483
1573349197.1100018
1573349710.1100926
1573349947.1102307
1573350920.1103218
1573354119.1109693
1573352184.1118708
1573350617.1123304
1573354320.1124253
1573349590.1130047
1573347209.113099
1573352937.1132467
1573352798.1133387
1573349692.1134787
1573353198.113572
1573348161.1139863
1573355413.1140985
1573348064.1153245
1573347694.1154373
1573353214.1163924
1573353650.1165073
1573347186.117634
1573348286.1180537
1573351437.1190548
1573348787.1200714
1573356021.1267893
1573355023.126907
1573354747.1296124
1573355313.1297934
1573350171.130977
1573354962.138233
1573351689.1387832
1573348917.1389344
1573350517.1392548
1573355456.1394072
1573350229.1397252
1573353782.1400087
1573347820.1401725
1573355071.1403904
1573347576.1408834
1573348861.1430242
1573355555.143248
1573352447.1438127
1573349939.144177
1573352665.1443295
1573352071.1446257
1573351084.1461217
1573356247.1472251
1573354780.1475167
1573347791.1487675
1573354271.1491768
1573355764.1506052
1573349775.1509204
1573356198.1515298
1573347265.1517766
1573353004.1519659
1573348010.1534307
1573356268.1614594
1573346911.1630907
1573348367.1633637
1573350263.1640062
1573350068.1641707
1573347096.164264
1573355896.1644049
1573355187.1644974
1573356044.1658022
1573350610.165902
1573349462.166092
1573352119.1673563
1573352489.1675198
1573352861.1676135
1573348358.1677625
1573347296.1678555
1573353874.167998
1573353728.1680913
1573353334.170676
1573347880.1710396
1573348706.1743028
1573349485.174451
1573348445.1746187
1573354199.1781769
1573348433.178382
1573353037.1784759
1573355672.1786199
1573346399.178712
1573356169.1799302
1573354354.1799734
1573354499.1801248
1573352331.180219
1573351204.1803608
1573348807.1804512
1573349732.1805885
1573350371.1806796
1573355814.180818
1573348694.180907
1573350244.1815267
1573356272.1820786
1573355735.1823444
1573352881.182439
1573351456.182579
1573347178.182673
1573347362.182812
1573352836.1831481
1573353849.183554
1573356225.1836488
1573350212.1850646
1573351446.1854024
1573349638.185577
1573354633.1856637
1573350135.185801
1573352326.1858938
1573354905.1860404
1573349833.1861296
1573346718.1862645
1573356085.1863549
1573356179.1871808
1573347661.1875184
1573346784.1876783
1573349942.1877692
1573351500.1879067
1573349874.1880126
1573348834.1881473
1573356171.1882372
1573349949.1883733
1573356115.1884642
1573352593.1894703
1573350229.1895657
1573347789.1897173
1573348445.1898057
1573354737.1899586
1573349565.1900473
1573346483.190251
1573355943.1903398
1573351159.1904857
1573349772.1905725
1573352413.1914186
1573348981.1917186
1573348012.191991
1573355300.1921303
1573351873.1926384
1573348117.1928306
1573349014.1929762
1573346473.1930645
1573346569.1931973
1573355838.1932843
1573352683.1939008
1573353205.1942413
1573347330.1945837
1573353650.1950016
1573356037.195143
1573356097.1952305
1573347052.1953626
1573353064.19545
1573351895.1955805
1573352693.195668
1573352130.196274
1573352468.1965516
1573350871.1968925
1573352170.1969981
1573353808.1980045
1573348107.1980963
1573352715.198251
1573347200.1983383
1573355504.1984694
1573350932.198557
1573348921.1992648
1573347612.1998105
1573349278.2002146
1573349518.2006898
1573353826.2012198
1573353592.203026
1573352557.203709
1573354596.2038221
1573348354.2044082
1573348127.204498
1573349897.2067053
1573350482.2068255
1573349364.2071412
1573354790.2080944
1573349597.208482
1573349393.2093284
1573348484.2103288
1573354054.2129776
1573349530.213525
1573354369.213917
1573348764.2168052
1573348996.2183204
1573353997.2202566
1573354424.224296
1573349044.2269213
1573354604.22697
1573355937.2274055
1573346495.2275174
1573356191.2276669
1573349623.227777
1573349985.2280202
1573347804.22813
1573347530.2282758
1573349337.2283866
1573354142.2285316
1573353315.2286417
1573346898.2287848
1573355426.2288802
1573353185.2319918
1573346351.2326417
1573355806.2332914
1573350660.2335775
1573355474.2337387
1573355064.2338505
1573352734.234001
1573354779.234109
1573353715.2342522
1573355844.2343597
1573353418.234502
1573353750.2346098
1573347330.234801
1573355921.23489
1573349556.2349648
1573349922.2363598
1573353716.2391114
1573354570.240982
1573352899.2411778
1573350783.2412684
1573348214.2414112
1573348901.2414994
1573349770.2417052
1573348420.2460155
1573354547.2462134
1573347708.2463036
1573352218.246446
1573355607.2465346
1573355719.2550426
1573349616.2559347
1573352099.2566195
1573352823.2570472
1573353105.2578466
1573353008.258763
1573353786.2589307
1573356266.2589679
1573350958.2591033
1573354055.2591934
1573350197.259336
1573354985.2594285
1573353958.259568
1573346404.2596617
1573355531.2613864
1573352363.2688518
1573352511.2691572
1573355551.2708156
1573346318.2751749
1573351062.2753422
1573354586.276685
1573349012.2909846
1573355960.2938998
1573346486.2939975
1573348282.29424
1573349571.2943296
1573350242.2944589
1573350832.2945514
1573355954.294684
1573353368.300434
1573346333.3009632
1573355336.3012733
1573351515.3015664
1573355813.3017783
1573352674.3030424
1573349683.3032708
1573354938.3035917
1573352546.3037622
1573351344.3040342
1573346347.3042223
1573347570.3047633
1573349324.3048933
1573352844.3051908
1573346768.3052793
1573352932.305885
1573350975.3063853
1573348928.3065536
1573347267.3066485
1573348093.306801
1573350665.3069098
1573355458.3070521
1573350800.3071606
1573353312.3080425
1573350518.3084946
1573348532.3097696
1573349804.3098867
1573354218.3104603
1573355699.311007
1573354405.3120453
1573347883.3121443
1573349440.3123066
1573351529.3123934
1573352955.3125408
1573347276.3126285
1573346320.3139408
1573354319.3140626
1573349914.3142276
1573350102.3143268
1573349915.3144822
1573350055.3145807
1573356139.3147304
1573353335.314833
1573351286.314989
1573349225.3150878
1573347471.3313568
1573350488.3321738
1573346998.3331795
1573351840.3334613
1573350231.3336363
1573351892.3337278
1573350391.3338723
1573347705.3339748
1573346994.3341024
1573346920.3341956
1573353607.3352349
1573350697.3392677
1573348083.3416982
1573352458.3434513
1573350748.3437858
1573349331.3439105
1573349806.3440747
1573350595.3441858
1573346297.344527
1573352929.3446379
1573353365.3457685
1573351041.345884
1573355559.3460615
1573355330.3465035
1573349311.3466616
1573350097.3467689
1573352569.3469303
1573351724.3470132
1573352403.3472068
1573351108.3473141
1573349963.3482285
1573354956.348639
1573346684.3488774
1573346292.349031
1573348714.3521273
1573354975.3523517
1573347201.3527136
1573352486.3528993
1573347718.3549376
1573354280.3573637
1573346611.3582814
1573351287.3586454
1573356101.3591392
1573349283.3593826
1573354451.3595536
1573350762.3601704
1573346681.3637235
1573349341.3640573
1573349834.3643875
1573347719.3645055
1573353461.3710723
1573347534.372852
1573353442.3732312
1573348252.3733683
1573348094.374262
1573346488.3745105
1573350128.3881133
1573348634.3882916
1573346739.3890057
1573349541.390017
1573353059.3902915
1573351562.3904035
1573354169.394081
1573347563.394484
1573348602.3984976
1573354109.4015288
1573349751.40228
1573346699.4024565
1573354710.405061
1573353941.4055219
1573353070.4067562
1573350147.4113557
1573353981.4127805
1573348325.4128935
1573350343.4130847
1573346645.4131958
1573350765.413366
1573354638.4134765
1573354927.4136436
1573347721.4140234
1573354350.4172735
1573346498.4189055
1573348732.4191291
1573350474.4192235
1573353305.4193628
1573349039.4194546
1573348934.419591
1573352373.419682
1573352672.4198177
1573351282.4199085
1573350314.4219618
1573349063.4231644
1573353648.4251707
1573349605.4266086
1573347777.4268441
1573352596.4288728
1573347052.4290788
1573349372.4292817
1573349220.4303517
1573353301.430589
1573351885.4309819
1573351629.4311826
1573355256.4313848
1573349323.447503
1573356001.4488504
1573347303.4490964
1573355201.4527576
1573353261.4528773
1573353425.4531982
1573354393.453294
1573354135.4535146
1573352434.4535995
1573355705.4537265
1573354517.4538124
1573354062.453959
1573355692.4540505
1573351320.4541755
1573351417.454276
1573349612.4544077
1573347185.4544923
1573355036.4546728
1573347743.454759
1573348741.454892
1573353553.4549775
1573349528.455104
1573346981.455189
1573355446.455315
1573355821.456928
1573347988.4589303
1573352117.460937
1573347922.4612207
1573346598.461307
1573348425.4614544
1573356034.46154
1573347021.4616914
1573346819.4617765
1573353407.4620287
1573347301.4621227
1573355836.4623036
1573354858.4623904
1573348219.4626038
1573347040.4626899
1573346853.4628322
1573348198.4629183
1573349716.4630735
1573351710.46317
1573355763.4633124
1573349793.4633977
1573353943.4635386
1573355605.4636676
1573351180.4638677
1573349395.463965
1573355747.4641287
1573349088.4642408
1573347737.4643962
1573350156.4644837
1573347605.4646235
1573349137.464743
1573350737.4648905
1573349354.4649749
1573347128.4652002
1573349775.4652884
1573355889.465432
1573353568.4655573
1573354928.465698
1573348990.4657829
1573349549.4673517
1573350920.4674506
1573349555.4676375
1573349095.467725
1573352560.4679258
1573348813.467973
1573356086.4681153
1573352273.4682
1573353578.468376
1573352879.468463
1573354040.4686055
1573351183.4686894
1573348212.4726756
1573352980.4779968
1573346878.4929032
1573355034.4938037
1573352210.4940119
1573355977.495106
1573347428.498104
1573348667.4999762
1573346908.5001898
1573356129.5003722
1573354043.50255
1573347305.503065
1573352806.504648
1573346850.5050764
1573347296.5052965
1573347571.5080879
1573352655.5083606
1573347301.5091147
1573347426.5094974
1573350153.509999
1573348598.5102425
1573349285.510352
1573353719.511715
1573351310.5126195
1573354553.5132375
1573354060.5133698
1573349458.513562
1573349447.517907
1573354156.518263
1573352637.5197828
1573348537.520017
1573346653.520491
1573354321.521273
1573354550.521823
1573349202.5219827
1573351790.5222907
1573355818.5224311
1573350208.5227015
1573349260.5230014
1573351954.5243318
1573347084.5246053
1573352909.5246985
1573350240.5259848
1573351596.5260797
1573354254.5262372
1573346349.5263307
1573349149.5264666
1573356011.5265563
1573352845.5266929
1573354888.526782
1573352375.5269146
1573350255.5269773
1573348552.5279357
1573347471.528049
1573354775.5281918
1573346504.5282803
1573353951.5284152
1573355878.528504
1573352950.5289996
1573351465.5290897
1573346986.5292258
1573350513.5293155
1573352754.5304127
1573353806.5305095
1573352572.5306573
1573352578.5307508
1573349293.530896
1573347174.5310187
1573354996.5311573
1573356043.5312483
1573355153.5313866
1573352827.531482
1573354349.5327468
1573354939.5333188
1573355373.5335455
1573350100.5351288
1573354280.5354059
1573352742.5355291
1573350816.5360045
1573353292.537031
1573353242.537319
1573353263.5374126
1573352010.5378082
1573348077.53792
1573353195.5387363
1573348173.5391135
1573347963.5396416
1573356227.5400314
1573351970.5403783
1573355998.5405314
1573347146.540734
1573353993.5408404
1573353912.541536
1573347168.5416453
1573348443.5418398
1573353982.5419376
1573355710.542136
1573351337.54226
1573352211.5424874
1573352913.5426111
1573353841.5428371
1573351861.5429614
1573346986.5433378
1573348535.543474
1573355551.5437095
1573355507.5438302
1573346568.5440562
1573354375.5441759
1573347992.5443947
1573354806.5444987
1573353842.544717
1573352996.5468054
1573350063.5543823
1573350689.557729
1573350582.558569
1573351501.560475
1573352794.5641432
1573355808.565063
1573355332.5653365
1573353755.565436
1573352111.5655825
1573352152.5656765
1573348455.5658994
1573352442.5659964
1573347550.5661342
1573348246.566229
1573350627.5722456
1573354497.5726213
1573348350.5731146
1573349649.5741436
1573356057.5753384
1573355047.5766768
1573346575.5769687
1573354324.5789182
1573349706.5809386
1573347765.5813098
1573350152.5814955
1573349152.5818279
1573352516.5827854
1573354929.5834444
1573353537.583999
1573347081.5840945
1573349193.5848289
1573346548.585151
1573353019.5865533
1573354847.5868227
1573351111.5870175
1573353481.587998
1573355966.5881493
1573356088.5882409
1573350475.5883772
1573355867.5884683
1573346805.589411
1573348038.5895057
1573352842.5896518
1573351887.589742
1573347060.590165
1573354076.5904648
1573350079.591061
1573355830.5911543
1573353178.5912914
1573351912.5913832
1573353284.5919318
1573355740.5921593
1573351355.5925143
1573348815.5929995
1573349667.5936673
1573346521.5937564
1573351986.5938973
1573354006.5942218
1573354197.5943544
1573349108.5944426
1573346500.595246
1573347633.5955899
1573356257.596069
1573350389.598092
1573348938.5982687
1573346364.5983574
1573348950.5984917
1573349905.5985792
1573350170.598709
1573349390.5987964
1573348188.5995934
1573351147.60048
1573353528.6006725
1573354220.6007628
1573353320.6008964
1573351463.6009781
1573354049.6011798
1573354578.601268
1573348620.6013994
1573348499.6014874
1573352641.6021054
1573355484.602593
1573354352.6029353
1573354666.6029634
1573351928.6033816
1573348497.6057692
1573346574.6059706
1573353843.6060765
1573348976.606227
1573353149.606333
1573355070.6070156
1573349263.6072671
1573348767.6084032
1573355213.6085136
1573350510.6086986
1573356030.6088078
1573351864.609014
1573352572.609123
1573348298.6092746
1573351440.609383
1573348330.60984
1573348037.6106064
1573346882.6107755
1573348281.6108866
1573354882.6109638
1573351601.611271
1573353259.6114259
1573354623.6115334
1573356045.6143253
1573351302.6144571
1573348295.617653
1573347843.6181774
1573346612.6187158
1573350454.618848
1573350000.6190536
1573351478.61932
1573351703.6194742
1573354452.6195834
1573349904.6197927
1573349893.6199965
1573346941.6262968
1573348057.6323645
1573347510.6325681
1573356096.63266
1573348205.633084
1573355384.633195
1573353855.6347847
1573350490.6390738
1573352275.6395128
1573356286.63964
1573354153.6410165
1573356288.6415875
1573355645.6457903
1573352934.6478693
1573349553.6480792
1573350399.6491435
1573351776.6493344
1573355334.6494443
1573349907.6496608
1573355919.6497705
1573351347.650747
1573352879.6508965
1573349555.6510837
1573351545.6515226
1573348234.6517317
1573346469.6518383
1573352600.6519883
1573356012.6520948
1573349701.6522563
1573354710.652363
1573352025.6554394
1573350422.6555424
1573355676.656263
1573348201.656933
1573353409.6577847
1573351029.6578767
1573352975.658021
1573347832.6581295
1573346346.6582792
1573352108.6583865
1573354058.6623356
1573350056.6626449
1573352950.662818
1573353695.6629064
1573349005.663053
1573348779.6631398
1573347765.6632688
1573354479.6633546
1573352133.6634927
1573353433.6635807
1573351456.6642904
1573351307.666309
1573350335.6691804
1573356060.6693368
1573349367.6719368
1573350552.6721356
1573351722.6723025
1573348247.6723938
1573347224.6725435
1573354140.6726327
1573353842.6740017
1573352676.674898
1573348349.6750853
1573346659.6760263
1573348865.6761918
1573355165.6762807
1573355751.6764174
1573350478.6765053
1573349364.6766388
1573347317.6767268
1573347524.6784823
1573348735.6785831
1573347882.6787472
1573346348.6788363
1573352232.6789954
1573350099.6790895
1573347641.679229
1573348682.6793373
1573348495.6795998
1573346568.6797073
1573349828.6841784
1573346317.6842735
1573346606.6844282
1573354771.6845157
1573347697.684646
1573348345.684733
1573350662.6848722
1573355621.6849668
1573356035.6850946
1573350019.6851814
1573351711.6863103
1573347560.6871018
1573348381.6872616
1573347079.6906507
1573351098.6929295
1573353298.693505
1573351169.694382
1573349934.6944766
1573349155.6946144
1573349393.6947036
1573352905.6948998
1573349025.695132
1573347725.6952631
1573347475.6953487
1573354926.6954784
1573352500.6955626
1573350467.7018049
1573355404.7019277
1573354082.7024024
1573352599.7025104
1573355992.7069342
1573354568.707338
1573352712.7075164
1573347247.7076833
1573346539.7078261
1573352724.70793
1573356037.708074
1573351321.7081783
1573352997.7083228
1573355131.708427
1573349284.7094243
1573350050.7095323
1573347151.7097123
1573356188.709818
1573355227.7100074
1573348802.7101064
1573347327.7102532
1573351964.7103574
1573346925.710506
1573352999.7106092
1573355035.7116277
1573354381.7119954
1573348449.7151623
1573351771.7153149
1573350556.7175043
1573348756.7176697
1573349567.7181294
1573352880.718257
1573352811.723239
1573351095.7240922
1573347419.724356
1573356291.7244496
1573354822.724593
1573354190.7246842
1573348379.7248216
1573347639.724913
1573351655.7260246
1573350710.7261198
1573355985.7262695
1573350806.7263608
1573351143.7274184
1573355148.7275367
1573353025.7344866
1573351939.7347198
1573352621.7348883
1573352623.734979
1573349349.7351127
1573355273.7352033
1573350198.735337
1573349095.7354257
1573353019.7356493
1573353983.7357402
1573355709.739303
1573350481.740994
1573351992.7429197
1573350470.7457848
1573354006.7473407
1573350850.747454
1573349651.747642
1573349030.7477493
1573346513.7480063
1573355391.7483315
1573349211.7485492
1573348308.748656
1573353144.7488139
1573355327.7488983
1573353961.7503023
1573355440.7504158
1573353301.7505825
1573351352.750689
1573355569.7509134
1573352898.75102
1573353256.7511647
1573347165.7512698
1573346408.7514129
1573353504.7515306
1573350247.7516706
1573350888.7517745
1573349410.7522192
1573351985.7523963
1573354291.7527194
1573348547.7528253
1573355601.753678
1573352944.756333
1573350361.7569401
1573346852.7570848
1573346853.7572317
1573354359.7573204
1573353638.7574565
1573348081.7575471
1573351209.758196
1573350311.75845
1573356243.7588525
1573355335.7600367
1573352559.7601955
1573347459.7602851
1573350757.7604098
1573350318.7604969
1573350470.7606235
1573347770.760712
1573349679.762139
1573350308.7625694
1573353270.7683067
1573349507.7685783
1573351956.768892
1573355799.7709298
1573353191.7719254
1573352899.7722578
1573348635.7739093
1573352441.7749665
1573351409.7754955
1573352823.7756271
1573346668.775808
1573347792.7759182
1573351554.7761228
1573347995.7762325
1573351650.7763717
1573354602.7764773
1573348427.7770307
1573353684.7771225
1573350339.7774892
1573352954.7775812
1573353784.7776942
1573352260.777786
1573347194.7779255
1573348243.778498
1573350938.7786427
1573355123.7787328
1573348445.7791007
1573356006.779828
1573352198.785557
1573349248.7871501
1573353324.787335
1573353808.7899961
1573353585.790189
1573353439.790281
1573352664.790729
1573353649.7949932
1573346600.800994
1573352688.8012695
1573348012.8017957
1573350253.801983
1573347395.8050113
1573348266.806486
1573350379.8067338
1573351922.806766
1573350724.8070397
1573355102.8099282
1573355766.8102036
1573348241.8103974
1573353749.812672
1573355220.8163633
1573353023.8209715
1573348589.8215559
1573346765.8218155
1573351595.8219087
1573350736.8220592
1573353538.82215
1573351383.82229
1573349565.8223817
1573353342.8228464
1573347344.8232782
1573352393.8241458
1573349358.824259
1573351132.8281012
1573348219.8290083
1573355635.8295448
1573347882.829635
1573355973.8297708
1573346699.8298652
1573352060.8338768
1573352793.835021
1573347080.8355827
1573348115.8357418
1573348458.8370218
1573350052.8371952
1573350007.8373578
1573348996.8374457
1573350414.8375728
1573355986.8376598
1573347057.8384235
1573354182.8387694
1573348743.8419435
1573346637.8469806
1573350578.849287
1573348750.849604
1573348082.8507462
1573352196.8580709
1573351982.8599293
1573356067.862227
1573350697.865179
1573352210.865391
1573348509.8678708
1573349430.8731973
1573353318.8739343
1573354412.8740878
1573352354.874245
1573347165.8743773
1573353059.874541
1573349215.8746264
1573352748.8748672
1573347354.874998
1573350372.8753364
1573348848.880886
1573355311.8841844
1573351947.8849669
1573350578.8851705
1573352602.8855326
1573350032.8857253
1573352305.8858383
1573355974.88717
1573349397.8872702
1573350215.8878982
1573356118.8937726
1573347526.8939953
1573352624.8940914
1573347403.8967457
1573351694.8968515
1573349844.897104
1573349656.8971965
1573353376.8974051
1573353563.8974972
1573348510.8976288
1573353840.8977206
1573356165.8978503
1573355953.9020228
1573351611.9024065
1573352415.9027398
1573355430.9029863
1573355458.9030786
1573347825.9106994
1573353125.9109445
1573355540.9119139
1573350048.9133868
1573352420.914974
1573349182.915073
1573353831.9152439
1573346491.9153326
1573354191.921018
1573353523.9241307
1573356111.9262307
1573349801.9381073
1573347232.9383106
1573354966.938462
1573351594.9386203
1573346679.9387057
1573346625.9388337
1573352372.9389217
1573350976.939332
1573353351.9395387
1573355165.9406726
1573351178.9408793
1573352826.9410846
1573348606.9412467
1573353968.9413915
1573354296.9414828
1573347946.941621
1573356012.9417124
1573355893.9418507
1573353498.9419408
1573349277.9424326
1573347143.9441307
1573354617.9509034
1573353719.951045
1573355073.9523206
1573349028.9559374
1573350337.9562109
1573348439.956302
1573351387.9565165
1573347019.9566057
1573350410.9606948
1573353621.9608042
1573354743.9611957
1573355940.9612868
1573353172.9614258
1573348761.9615145
1573354147.9616475
1573354511.961751
1573346468.9749908
1573351314.975099
1573349050.9753585
1573350864.97545
1573346716.9755878
1573352121.9756954
1573348852.9758556
1573346699.97597
1573356038.9761257
1573346837.9762337
1573353110.976387
1573348961.9764936
1573355537.9766912
1573351039.9767978
1573353376.976958
1573349403.9770656
1573352334.9772158
1573351526.977322
1573346976.9774714
1573351836.9775786
1573354678.97773
1573355269.9778364
1573348363.9780293
1573347825.9782073
1573352840.9812138
1573353945.9813194
1573355014.9814773
1573351028.9815626
1573346446.9852397
1573350713.9855359
1573354467.9856997
1573346452.9863002
1573350752.992635
1573348393.9930599
1573351288.0004525
1573349577.0006044
1573352857.00726
1573353464.0140245
1573348521.0142324
1573346982.014326
1573346990.0145504
1573350965.01502
1573352215.0152547
1573348068.0153487
1573352858.0157177
1573350094.0159023
1573351473.0202222
1573352412.0203168
1573352281.0204682
1573349270.0270624
1573352330.0275419
1573353794.0315359
1573347393.0329108
1573355984.0342338
1573350106.0348032
1573353668.0409808
1573351899.0416873
1573355259.0449283
1573355148.046265
1573352705.046385
1573346353.046553
1573354533.0466611
1573350189.0469115
1573355566.0470028
1573348379.0472856
1573354774.0474162
1573352033.0477397
1573355958.0504549
1573349474.0518918
1573347747.0522687
1573350310.0525544
1573346986.052897
1573348504.0532568
1573354516.0533698
1573349810.0613337
1573353682.0614545
1573353065.0616252
1573348907.0617151
1573352053.0618536
1573353697.0619593
1573347706.0620914
1573353269.0621827
1573346943.0624006
1573351613.0624888
1573352629.062624
1573354639.0627131
1573350696.062846
1573355789.062935
1573349871.0630739
1573346495.064209
1573349490.0645685
1573349039.0646632
1573347709.0649076
1573347007.0649984
1573346725.0651288
1573353058.0652177
1573348163.0653584
1573348565.0654485
1573352893.0656106
1573350292.0656986
1573347470.0658326
1573352511.0659618
1573350941.066244
1573346641.0669377
1573354508.0691278
1573348807.0750108
1573355650.076134
1573353899.0773432
1573348486.0890946
1573355779.0892198
1573355221.0964918
1573350428.0980165
1573349835.0989087
1573347616.1020129
1573353028.1081722
1573350694.108291
1573350496.1085806
1573354981.108673
1573355657.108815
1573356081.1089058
1573350823.109063
1573348872.1091552
1573348516.10938
1573351043.1094723
1573350288.109613
1573346824.109705
1573352692.1100287
1573349705.1101189
1573353338.1104746
1573347261.110577
1573356118.110769
1573346746.1108644
1573350518.1110935
1573349584.1111846
1573354704.1113245
1573352945.1114142
1573349520.1115546
1573350476.1116447
1573352851.111782
1573348309.1118774
1573353359.1122
1573355835.112331
1573352628.112528
1573347173.1126187
1573348363.1130345
1573354653.1131268
1573353158.1132796
1573353250.1133795
1573354215.1135411
1573349093.1136656
1573348630.1247897
1573349678.1248934
1573352412.1253307
1573355948.1330197
1573351435.1336186
1573349400.1342332
1573353890.1348045
1573354243.134928
1573349873.1353238
1573353276.1354597
1573350263.1356704
1573348417.1359296
1573349001.136574
1573346707.1366725
1573352309.1368198
1573355749.1369634
1573352500.137312
1573348642.1381776
1573352863.138598
1573356085.1387362
1573354828.1388972
1573348051.1391566
1573348635.1401467
1573348122.1418097
1573354874.1427748
1573348555.142882
1573355030.1430635
1573349564.1431527
1573351746.1432915
1573352433.1433816
1573349692.144043
1573351626.1441374
1573347060.1466272
1573355473.1468663
1573351347.1470907
1573348795.1482196
1573353178.1484978
1573350961.1485908
1573353967.1487334
1573348649.1488237
1573346895.1489844
1573356170.1490793
1573354236.1506488
1573352591.1507874
1573349402.1510723
1573355309.1511695
1573349148.1513147
1573346307.1514065
1573350901.1515474
1573348421.151639
1573353136.1517792
1573354565.1518748
1573350759.1527617
1573349042.1532998
1573351415.1534872
1573356044.1537497
1573355424.153983
1573347956.154078
1573347553.154219
1573347732.1543076
1573354032.1544442
1573352250.1545327
1573347117.1551096
1573350692.1553838
1573347652.1557279
1573348177.1558192
1573349938.1559718
1573354862.1560624
1573349690.1561995
1573350536.1562884
1573352906.1564236
1573346410.1565137
1573354588.1570845
1573354703.1573942
1573352359.1577525
1573347086.1578746
1573350740.1580234
1573346561.1581159
1573354744.1582541
1573351687.1583421
1573346496.1584792
1573353350.1585677
1573354019.1592417
1573349648.1595306
1573354454.1600196
1573347268.1601112
1573348510.1602514
1573351550.1603403
1573348210.1604753
1573350401.1605635
1573351721.1606991
1573355486.160788
